Username,Total Calorie,Total Protein,Total Carbohydrates,Total Fat
trong1223,0,0,0,0
trong123,0,0,0,0
trong123,0,0,0,0
trong123,188,4,35,0
trong123,188,4,35,0
trong123,77,6,1,5
trong123,265,10,36,5
trong123,557,38,0,22
trong123,822,48,36,27
trong123,265,26,0,17
trong123,1087,74,36,44
trong123,156,3,35,0
trong123,1243,77,71,44
trong123,1166,71,70,39
trong123,609,33,70,17
trong123,344,7,70,0
trong123,188,4,35,0
trong123,148,13,1,11
trong123,336,17,36,11
trong123,764,92,0,6
trong123,1100,109,36,17
trong123,156,3,35,0
trong123,1256,112,71,17
trong123,1256,112,71,17
trong123,1333,118,72,22
trong123,1333,118,72,22
trong123,2020,204,71,23
trong123,2097,210,72,28
trong123,1444,116,106,17
trong123,2285,214,107,28
trong123,1813,150,71,39
trong123,2842,252,107,50
trong123,2842,252,107,50
trong123,2842,252,107,50
trong123,0,0,0,0
trong123,2919,258,108,55
trong123,77,6,1,5
trong123,77,6,1,5
trong02072006,0,0,0,0
trong02072006,156,3,35,0
trong02072006,156,3,35,0
trong02072006,148,13,1,11
trong02072006,304,16,36,11
trong02072006,128,22,0,11
trong02072006,432,38,36,22
trong02072006,148,13,1,11
trong02072006,580,51,37,33
trong02072006,424,48,2,33
trong02072006,296,26,2,22
trong02072006,188,4,35,0
trong02072006,484,30,37,22
trong02072006,484,30,37,22
trong02072006,484,30,37,22
